ideal_file=data\ideal.txt
ideal_id=3:1:1
curve_name=ideal:3:1:1:L=16.371637:D= 1.000000:coeffs=183
coeff_count=183
attr_Conway=3
attr_D= 1.000000
attr_Id=3:1:1
attr_L=16.371637
