a_crit_m=1.40897017e-15
constants_source=fallback canonical constants
critical_source=r_c
ell_crit_B_equals_1=49.119082103162256
gamma0_m2_s=9.68361918e-09
m2_line_crit_m_inv3=
n_line_m_inv=7966337719505.472
q0_m_inv=25026988055613.656
q0_source=summary:q0_m_inv
q_crit_m_inv=709738233847775.5
r_c_m=1.40897017e-15
rho_f_kg_m3=7e-07
spectrum_csv=results\02_ideal_6_1_1\sst_ffs_02_spectrum.csv
summary_csv=results\02_ideal_6_1_1\sst_ffs_02_summary.csv
v_swirl_m_s=1093845.63
