ideal_file=data\ideal.txt
ideal_id=5:1:2
curve_name=ideal:5:1:2:L=24.734148:D= 1.000000:coeffs=241
coeff_count=241
attr_Conway=3 2
attr_D= 1.000000
attr_Id=5:1:2
attr_L=24.734148
